query1(63223, 63946, 0)
query1(90466, 99708, 3)
query1(9752, 239, 2)
query1(22963, 33145, 1)
query1(22318, 30081, 1)
query1(84649, 60927, 2)
query1(83645, 18924, 0)
query1(8929, 4542, 3)
query1(18042, 14725, 2)
query1(41614, 66468, 2)
query1(7256, 76852, 3)
query1(4977, 31158, -1)
query1(26292, 21273, 0)
query1(68067, 35938, 2)
query1(60570, 53807, 3)
query1(8718, 99319, 3)
query1(89198, 46382, 0)
query1(77261, 74763, -1)
query1(45710, 98948, 1)
query1(68383, 78262, 3)
query1(19320, 41161, -1)
query1(63271, 79829, 0)
query1(25309, 24904, 1)
query1(36453, 94226, 0)
query1(46953, 57543, 2)
query1(58419, 84277, 3)
query1(4777, 34183, 0)
query1(64384, 87376, 3)
query1(12573, 64447, 3)
query1(66854, 12940, 0)
query1(16725, 58508, 3)
query1(47199, 70472, 3)
query1(96525, 62476, -1)
query1(88210, 31007, 1)
query1(67091, 14168, 3)
query1(92236, 55514, 0)
query1(81012, 66617, 0)
query1(76485, 56723, 1)
query1(42333, 89146, 2)
query1(19580, 39896, -1)
query1(73254, 40264, 3)
query1(41710, 84397, 2)
query1(33298, 6809, 3)
query1(58327, 12841, 1)
query1(16281, 73516, 0)
query1(23474, 99397, 1)
query1(48669, 10324, 1)
query1(75479, 30442, 2)
query1(9123, 95072, -1)
query1(48491, 13621, 0)
query1(48048, 22067, 1)
query1(25181, 71538, 1)
query1(75791, 81950, -1)
query1(46759, 19568, 2)
query1(91827, 91438, 1)
query1(90094, 16678, 0)
query1(30178, 54543, 1)
query1(35918, 58384, 3)
query1(56473, 22583, 3)
query1(39315, 74827, 1)
query1(96898, 12543, 1)
query1(27483, 48327, -1)
query1(57442, 4061, 2)
query1(65905, 3891, -1)
query1(24644, 64139, 0)
query1(63328, 36517, 0)
query1(61689, 75151, -1)
query1(32586, 91468, 2)
query1(6996, 74042, 3)
query1(40540, 65356, 1)
query1(61582, 43501, 0)
query1(38478, 26437, -1)
query1(49477, 77305, 2)
query1(53250, 73166, 3)
query1(8375, 76662, 1)
query1(70342, 2079, 2)
query1(14993, 41663, -1)
query1(97545, 34543, 3)
query1(59757, 91919, 0)
query1(93291, 14128, 1)
query1(17605, 48368, 1)
query1(62537, 30211, 3)
query1(70014, 73528, -1)
query1(77566, 57723, -1)
query1(79870, 60268, -1)
query1(80089, 18374, 2)
query1(71441, 45777, 2)
query1(24381, 57171, 2)
query1(44936, 19860, 0)
query1(28529, 2795, 1)
query1(24801, 30126, 2)
query1(54292, 42553, 2)
query1(96368, 21091, -1)
query1(40588, 97841, 2)
query1(14545, 65960, 3)
query1(7040, 44528, 2)
query1(4497, 73858, 0)
query1(47789, 60317, 3)
query1(52480, 61391, -1)
query1(56674, 34366, 0)
