query1(954130, 78931, 0)
query1(616407, 101508, 3)
query1(204958, 602815, 2)
query1(15999, 820501, 1)
query1(649928, 667943, 1)
query1(141886, 517581, 2)
query1(86101, 990162, 0)
query1(597300, 151961, 3)
query1(408010, 624956, 2)
query1(228455, 590381, 2)
query1(728930, 152782, 3)
query1(591740, 670680, -1)
query1(713104, 502153, 0)
query1(404558, 609749, 2)
query1(735445, 823776, 3)
query1(815858, 930431, 3)
query1(730456, 21072, 0)
query1(889047, 852551, -1)
query1(934572, 911630, 1)
query1(380266, 528806, 3)
query1(680996, 174024, -1)
query1(319453, 481627, 0)
query1(964286, 8935, 1)
query1(94792, 865092, 0)
query1(571887, 69776, 2)
query1(939048, 229268, 3)
query1(637694, 929222, 0)
query1(506006, 492248, 3)
query1(847480, 747234, 3)
query1(297047, 860148, 0)
query1(103955, 789129, 3)
query1(541743, 270551, 3)
query1(548070, 29447, -1)
query1(133082, 951042, 1)
query1(646417, 470595, 3)
query1(528961, 80126, 0)
query1(657975, 692506, 0)
query1(433046, 123975, 1)
query1(593264, 966775, 2)
query1(493225, 518707, -1)
query1(661254, 995261, 3)
query1(780608, 719323, 2)
query1(286740, 181898, 3)
query1(518831, 161357, 1)
query1(277879, 992428, 0)
query1(339368, 613208, 1)
query1(617195, 281174, 1)
query1(177607, 774384, 2)
query1(533098, 223013, -1)
query1(724383, 218965, 0)
query1(610173, 287727, 1)
query1(596419, 437141, 1)
query1(783709, 415123, -1)
query1(992716, 921133, 2)
query1(377302, 295430, 1)
query1(733523, 863236, 0)
query1(995925, 789679, 1)
query1(423901, 878385, 3)
query1(874794, 678299, 3)
query1(491508, 574657, 1)
query1(389305, 62055, 1)
query1(348506, 358656, -1)
query1(773436, 605598, 2)
query1(16398, 495988, -1)
query1(474866, 112930, 0)
query1(678765, 549327, 0)
query1(762570, 303263, -1)
query1(605154, 279996, 2)
query1(415426, 727628, 3)
query1(464423, 690133, 1)
query1(159054, 765619, 0)
query1(2718, 197442, -1)
query1(440374, 336347, 2)
query1(409282, 263456, 3)
query1(136075, 616275, 1)
query1(573358, 850235, 2)
query1(601042, 820173, -1)
query1(576257, 192234, 3)
query1(637368, 232759, 0)
query1(296628, 477670, 1)
query1(476045, 536273, 1)
query1(696088, 386205, 3)
query1(27864, 344416, -1)
query1(559820, 194865, -1)
query1(791941, 816241, -1)
query1(46993, 817637, 2)
query1(487589, 601702, 2)
query1(43225, 196982, 2)
query1(423306, 914427, 0)
query1(513565, 1258, 1)
query1(327859, 660801, 2)
query1(414348, 115215, 2)
query1(542541, 68183, -1)
query1(396537, 239616, 2)
query1(12180, 326827, 3)
query1(581964, 719555, 2)
query1(444244, 559313, 0)
query1(975593, 884680, 3)
query1(626746, 116040, -1)
query1(757841, 522858, 0)
