query1(714, 45, 0)
query1(606, 293, 3)
query1(911, 91, 2)
query1(864, 248, 1)
query1(371, 670, 1)
query1(548, 2, 2)
query1(444, 960, 0)
query1(423, 793, 3)
query1(85, 173, 2)
query1(665, 553, 2)
query1(707, 310, 3)
query1(929, 743, -1)
query1(531, 196, 0)
query1(154, 21, 2)
query1(257, 813, 3)
query1(568, 982, 3)
query1(987, 101, 0)
query1(998, 806, -1)
query1(195, 799, 1)
query1(321, 824, 3)
query1(423, 577, -1)
query1(975, 891, 0)
query1(420, 9, 1)
query1(21, 841, 0)
query1(103, 64, 2)
query1(464, 588, 3)
query1(843, 697, 0)
query1(339, 313, 3)
query1(252, 503, 3)
query1(678, 639, 0)
query1(7, 970, 3)
query1(450, 442, 3)
query1(53, 394, -1)
query1(397, 372, 1)
query1(341, 154, 3)
query1(82, 438, 0)
query1(494, 386, 0)
query1(491, 135, 1)
query1(310, 49, 2)
query1(590, 681, -1)
query1(191, 162, 3)
query1(229, 898, 2)
query1(196, 754, 3)
query1(755, 112, 1)
query1(424, 989, 0)
query1(640, 665, 1)
query1(325, 109, 1)
query1(877, 270, 2)
query1(620, 909, -1)
query1(544, 475, 0)
query1(905, 902, 1)
query1(970, 842, 1)
query1(619, 935, -1)
query1(846, 121, 2)
query1(788, 508, 1)
query1(658, 66, 0)
query1(778, 458, 1)
query1(374, 602, 3)
query1(561, 747, 3)
query1(619, 246, 1)
query1(891, 696, 1)
query1(232, 544, -1)
query1(533, 74, 2)
query1(355, 374, -1)
query1(176, 395, 0)
query1(541, 986, 0)
query1(376, 185, -1)
query1(336, 181, 2)
query1(393, 87, 3)
query1(341, 390, 1)
query1(13, 493, 0)
query1(316, 294, -1)
query1(950, 647, 2)
query1(262, 922, 3)
query1(954, 291, 1)
query1(626, 376, 2)
query1(642, 813, -1)
query1(834, 448, 3)
query1(279, 167, 0)
query1(40, 531, 1)
query1(808, 613, 1)
query1(757, 221, 3)
query1(609, 202, -1)
query1(226, 814, -1)
query1(575, 776, -1)
query1(200, 2, 2)
query1(654, 536, 2)
query1(807, 182, 2)
query1(189, 370, 0)
query1(107, 928, 1)
query1(932, 172, 2)
query1(179, 112, 2)
query1(60, 103, -1)
query1(608, 166, 2)
query1(77, 56, 3)
query1(548, 500, 2)
query1(929, 699, 0)
query1(284, 550, 3)
query1(686, 209, -1)
query1(312, 341, 0)
