query1(757, 383, 0)
query1(121, 41, 3)
query1(486, 91, 2)
query1(734, 455, 1)
query1(21, 437, 1)
query1(602, 687, 2)
query1(883, 545, 0)
query1(526, 136, 3)
query1(478, 371, 2)
query1(539, 665, 2)
query1(982, 206, 3)
query1(96, 505, -1)
query1(632, 379, 0)
query1(969, 480, 2)
query1(257, 798, 3)
query1(235, 667, 3)
query1(899, 651, 0)
query1(66, 626, -1)
query1(588, 215, 1)
query1(740, 8, 3)
query1(526, 925, -1)
query1(100, 684, 0)
query1(131, 971, 1)
query1(480, 191, 0)
query1(809, 417, 2)
query1(948, 195, 3)
query1(716, 722, 0)
query1(252, 97, 3)
query1(339, 67, 3)
query1(54, 741, 0)
query1(761, 150, 3)
query1(338, 753, 3)
query1(901, 882, -1)
query1(397, 811, 1)
query1(446, 969, 3)
query1(103, 750, 0)
query1(80, 606, 0)
query1(560, 405, 1)
query1(206, 432, 2)
query1(558, 562, -1)
query1(841, 181, 3)
query1(785, 546, 2)
query1(379, 286, 3)
query1(107, 636, 1)
query1(737, 705, 0)
query1(843, 539, 1)
query1(658, 109, 1)
query1(224, 27, 2)
query1(62, 930, -1)
query1(118, 840, 0)
query1(905, 342, 1)
query1(150, 473, 1)
query1(795, 567, -1)
query1(127, 895, 2)
query1(646, 26, 1)
query1(888, 269, 0)
query1(778, 93, 1)
query1(536, 548, 3)
query1(879, 779, 3)
query1(795, 846, 1)
query1(684, 921, 1)
query1(992, 118, -1)
query1(946, 138, 2)
query1(582, 536, -1)
query1(319, 168, 0)
query1(328, 276, 0)
query1(162, 844, -1)
query1(863, 653, 2)
query1(105, 810, 3)
query1(446, 469, 1)
query1(278, 957, 0)
query1(577, 295, -1)
query1(120, 647, 2)
query1(940, 749, 3)
query1(871, 817, 1)
query1(949, 162, 2)
query1(813, 798, -1)
query1(986, 448, 3)
query1(401, 958, 0)
query1(296, 632, 1)
query1(718, 535, 1)
query1(234, 669, 3)
query1(156, 721, -1)
query1(933, 745, -1)
query1(661, 866, -1)
query1(747, 687, 2)
query1(659, 348, 2)
query1(82, 828, 2)
query1(837, 370, 0)
query1(719, 318, 1)
query1(591, 593, 2)
query1(860, 636, 2)
query1(607, 809, -1)
query1(978, 173, 2)
query1(317, 976, 3)
query1(602, 288, 2)
query1(96, 341, 0)
query1(223, 666, 3)
query1(686, 655, -1)
query1(323, 446, 0)
