query1(7871, 9429, 0)
query1(5240, 4495, 3)
query1(2747, 5497, 2)
query1(3775, 5203, 1)
query1(5235, 1836, 1)
query1(2549, 5110, 2)
query1(7317, 2789, 0)
query1(4948, 1751, 3)
query1(944, 786, 2)
query1(9084, 3017, 2)
query1(8334, 9778, 3)
query1(3403, 3371, -1)
query1(591, 7898, 0)
query1(6539, 9693, 2)
query1(9148, 9631, 3)
query1(2785, 7527, 3)
query1(7636, 5045, 0)
query1(9302, 5282, -1)
query1(6215, 1790, 1)
query1(5138, 1476, 3)
query1(5853, 244, -1)
query1(5672, 2929, 0)
query1(5011, 7283, 1)
query1(3226, 3932, 0)
query1(6831, 3274, 2)
query1(9076, 7307, 3)
query1(8398, 2385, 0)
query1(6401, 4278, 3)
query1(6671, 9618, 3)
query1(8640, 5848, 0)
query1(9288, 189, 3)
query1(1963, 1916, 3)
query1(7659, 1411, -1)
query1(6317, 1621, 1)
query1(4043, 907, 3)
query1(9642, 6411, 0)
query1(1955, 1323, 0)
query1(5411, 2878, 1)
query1(3981, 9881, 2)
query1(3008, 3016, -1)
query1(6802, 6613, 3)
query1(6643, 129, 2)
query1(8294, 7790, 3)
query1(2161, 1447, 1)
query1(3174, 9827, 0)
query1(7387, 2855, 1)
query1(9994, 1657, 1)
query1(3164, 2697, 2)
query1(4637, 1488, -1)
query1(9644, 3268, 0)
query1(8276, 349, 1)
query1(3555, 762, 1)
query1(6528, 8680, -1)
query1(9291, 3551, 2)
query1(8606, 350, 1)
query1(1595, 4423, 0)
query1(3520, 1093, 1)
query1(579, 2677, 3)
query1(4248, 6622, 3)
query1(6528, 9296, 1)
query1(1644, 7370, 1)
query1(9942, 7565, -1)
query1(3761, 6364, 2)
query1(4860, 1694, -1)
query1(8163, 7823, 0)
query1(1029, 4467, 0)
query1(7929, 2283, -1)
query1(9588, 1866, 2)
query1(2947, 2625, 3)
query1(6244, 9668, 1)
query1(2265, 3116, 0)
query1(9738, 2082, -1)
query1(8654, 4096, 2)
query1(6818, 8939, 3)
query1(2439, 3835, 1)
query1(8841, 376, 2)
query1(4040, 9631, -1)
query1(3811, 1360, 3)
query1(7789, 7922, 0)
query1(3336, 591, 1)
query1(8513, 1086, 1)
query1(4501, 3099, 3)
query1(6331, 9824, -1)
query1(9783, 7793, -1)
query1(2396, 8892, -1)
query1(6214, 7536, 2)
query1(6846, 8151, 2)
query1(9105, 1232, 2)
query1(1233, 9391, 0)
query1(3441, 6557, 1)
query1(1551, 8980, 2)
query1(1294, 9959, 2)
query1(5962, 1347, -1)
query1(2650, 398, 2)
query1(6195, 4402, 3)
query1(3163, 6385, 2)
query1(3406, 1396, 0)
query1(5386, 3224, 3)
query1(3853, 9029, -1)
query1(2341, 7086, 0)
