query1(8862, 189, 0)
query1(4411, 5799, 3)
query1(486, 5497, 2)
query1(7913, 2555, 1)
query1(8844, 181, 1)
query1(3707, 2437, 2)
query1(3606, 2261, 0)
query1(4204, 3632, 3)
query1(5743, 4245, 2)
query1(2361, 428, 2)
query1(65, 2365, 3)
query1(2921, 327, -1)
query1(9302, 6088, 0)
query1(8750, 5235, 2)
query1(6053, 8524, 3)
query1(335, 9501, 3)
query1(1885, 2829, 0)
query1(9338, 9965, -1)
query1(2986, 1565, 1)
query1(7519, 3440, 3)
query1(5934, 3491, -1)
query1(1026, 7418, 0)
query1(8140, 7414, 1)
query1(371, 7019, 0)
query1(3217, 9062, 2)
query1(9928, 4059, 3)
query1(6599, 2206, 0)
query1(5272, 7733, 3)
query1(2691, 4808, 3)
query1(7408, 4438, 0)
query1(2153, 4546, 3)
query1(665, 8233, 3)
query1(5946, 2163, -1)
query1(9661, 3421, 1)
query1(9606, 9103, 3)
query1(372, 4687, 0)
query1(9397, 7894, 0)
query1(9033, 4038, 1)
query1(3622, 6904, 2)
query1(3235, 1502, -1)
query1(2067, 7956, 3)
query1(3201, 1986, 2)
query1(5739, 6257, 3)
query1(3203, 9458, 1)
query1(3370, 2075, 0)
query1(2693, 955, 1)
query1(6619, 285, 1)
query1(8741, 4538, 2)
query1(4637, 2955, -1)
query1(1997, 7174, 0)
query1(4638, 342, 1)
query1(6501, 5836, 1)
query1(7908, 9878, -1)
query1(5817, 2888, 2)
query1(10, 599, 1)
query1(3649, 5689, 0)
query1(3877, 8264, 1)
query1(8397, 7022, 3)
query1(6769, 1408, 3)
query1(7908, 6227, 1)
query1(6124, 4170, 1)
query1(707, 2709, -1)
query1(5797, 3323, 2)
query1(7353, 4084, -1)
query1(8163, 9236, 0)
query1(8717, 6882, 0)
query1(6587, 5347, -1)
query1(4416, 5584, 2)
query1(1748, 3780, 3)
query1(3741, 1139, 1)
query1(6260, 9596, 0)
query1(2567, 3137, -1)
query1(1771, 4663, 2)
query1(2440, 2506, 3)
query1(4903, 2207, 1)
query1(5455, 6829, 2)
query1(4921, 8524, -1)
query1(9038, 9592, 3)
query1(2696, 8425, 0)
query1(4952, 9302, 1)
